[header]
width=38
height=19
tilewidth=32
tileheight=32
orientation=orthogonal

[tilesets]
tileset=rpg_maker_vx_rtp_tileset_by_telles0808.png,32,32,0,0

[interest_points]
Lake:943,332:8,10
Well:1016,528:8,11
Clothes Line:746,71:9,11,16
Scarecrow:587,225:12,16
Dead Tree:356,302:12,15
Tomb Stone:69,41:14,15
Palm Tree:187,489:13,14
Wheat Well:917,566:2,1,11,12,13
Clothes Line Hay:838,15:3,10
Forest:914,69:1,8,9
Pink Bush:781,577:2,3,8,12,13
Field3 Bot:499,593:2,4,5,8,11,13,16
Far Field:187,569:2,7,8,11,12,14
Far Bush:181,117:6,7,13,15
Field2 Top:326,12:3,5,6,14,16
Dead Log:541,40:3,4,12,15

[layer]
type=Tile Layer 1
data=
121,121,121,121,121,121,121,121,121,121,121,121,121,121,121,121,121,121,121,121,121,121,121,121,121,121,121,121,121,121,121,121,121,121,121,121,121,121,
153,153,153,153,153,153,153,153,153,153,153,153,153,153,153,153,153,153,153,153,153,153,153,153,153,153,153,153,153,153,153,153,153,153,153,153,153,153,
26,26,26,26,26,26,26,26,26,26,26,26,26,26,26,26,26,26,26,26,26,26,26,26,26,26,26,26,26,188,188,26,26,26,26,26,26,26,
26,26,26,26,26,26,26,26,26,26,26,26,26,26,26,26,26,26,26,26,26,26,26,26,26,26,26,188,188,188,188,26,26,26,26,26,26,26,
26,26,26,26,26,26,26,26,26,26,26,26,26,26,26,26,26,26,26,26,26,26,26,26,26,26,26,188,188,188,188,188,26,26,26,26,26,26,
26,26,188,188,188,188,188,188,26,26,26,26,26,26,26,26,26,26,26,26,26,26,26,26,26,26,188,188,188,188,188,26,26,26,26,26,26,26,
26,188,188,188,188,188,188,188,188,26,26,26,26,26,26,26,26,26,26,26,26,26,26,26,26,26,188,188,188,188,188,188,188,26,26,26,26,26,
26,188,188,188,188,188,188,188,188,26,26,26,26,26,26,26,26,26,26,26,26,26,26,26,26,26,26,188,188,188,188,188,188,26,26,26,26,26,
26,26,188,188,188,188,188,188,188,188,26,26,26,26,26,26,26,26,26,26,26,26,26,26,26,26,26,26,188,188,26,26,26,26,26,26,26,26,
26,188,188,188,188,188,188,188,188,188,26,26,26,26,26,26,26,26,26,26,26,26,26,26,26,26,26,26,26,26,26,26,26,26,26,26,26,26,
26,188,188,188,188,188,188,188,26,188,26,26,26,26,26,26,26,26,26,26,26,26,26,26,26,26,26,26,26,26,26,26,26,26,26,26,26,26,
26,26,26,26,188,188,188,188,188,188,26,188,188,188,26,26,26,26,26,26,26,26,26,26,26,26,26,26,188,188,188,26,26,26,26,26,26,26,
26,26,26,26,188,188,26,26,26,26,26,188,188,188,188,188,26,26,26,26,26,26,26,26,26,26,26,188,188,188,188,188,188,188,26,26,26,26,
26,26,26,26,26,26,26,26,188,188,188,188,188,188,188,188,26,188,188,188,188,26,26,26,26,26,188,188,188,188,188,188,188,188,188,26,26,26,
26,26,26,26,26,26,26,26,188,188,188,188,188,188,188,188,188,188,188,188,188,188,26,26,26,26,188,188,188,188,188,188,188,188,188,26,26,26,
26,26,26,26,26,26,26,26,188,188,188,188,188,188,188,188,188,188,188,188,188,188,188,26,26,188,188,188,188,188,188,188,188,188,188,26,26,26,
26,26,26,26,26,26,26,26,26,188,188,188,188,188,188,188,188,188,188,188,188,188,188,26,26,188,188,188,188,188,188,188,188,188,188,26,26,26,
26,26,26,26,26,26,26,26,26,26,26,188,188,188,188,188,188,188,188,188,188,188,188,26,26,188,188,188,188,188,188,188,26,188,188,26,26,26,
26,26,26,26,26,26,26,26,26,26,26,26,188,188,188,188,188,188,188,188,188,188,188,26,26,26,26,188,188,26,26,26,26,26,26,26,26,26

[layer]
type=Tile Layer 2
data=
0,0,0,1286,0,0,0,0,1956,1868,1869,1,1,1868,1868,1956,0,0,0,1285,0,0,0,0,1956,0,0,0,0,0,1954,0,0,0,0,0,0,0,
0,0,0,1318,0,0,0,0,1988,1900,1901,1,1,1900,1900,1988,0,0,0,1317,0,0,0,0,1988,0,0,0,0,0,1986,0,0,0,0,0,0,0,
1092,1092,0,0,1837,1837,0,0,1929,0,0,0,1092,1092,0,1929,1936,0,0,1509,0,0,0,0,1929,0,0,0,0,0,0,0,0,0,1123,0,1123,0,
1092,1092,0,0,1837,0,0,0,1995,1931,1931,1931,1931,1931,1931,1999,1931,1964,0,0,1963,1931,1931,1931,1998,1931,1931,1931,1994,1994,1732,0,0,0,0,0,1123,0,
0,0,0,0,0,0,0,0,0,0,0,0,0,1124,0,0,0,1961,0,0,1961,0,0,0,0,0,0,0,0,0,0,0,0,0,1765,0,0,0,
0,0,0,1890,0,0,0,0,0,0,0,1765,0,0,0,0,0,1961,0,0,1961,0,0,0,0,0,0,0,0,0,0,0,0,0,0,0,0,0,
0,0,1826,1922,1794,1858,0,0,0,0,0,0,0,0,0,1892,0,1967,1931,1931,1996,0,1895,1863,0,0,1858,1890,0,0,0,0,0,0,0,998,995,0,
0,0,0,1858,1826,0,1963,1931,1931,1931,1964,0,1509,0,0,1924,1860,1995,1931,1931,1964,1831,1927,1863,0,0,1858,1922,1794,0,0,0,0,0,0,995,998,0,
0,0,1894,0,0,0,1961,0,0,0,1961,0,0,0,0,1860,1828,0,0,0,1961,1831,1799,1831,0,0,0,1826,1826,0,0,0,1963,1931,1931,1931,1932,0,
0,0,1926,1798,0,0,1961,1793,1889,0,1995,1931,1931,1964,0,1934,0,0,0,0,1961,0,0,0,0,1935,0,0,0,0,0,0,1961,1979,1980,0,0,0,
0,0,1798,0,0,0,1961,1793,1921,0,0,0,0,1995,1964,0,0,0,1123,0,1967,1931,1931,1931,1931,1931,1931,1931,1931,1931,1931,1931,1996,2011,2012,0,0,0,
0,1930,1931,1931,1931,1931,1996,1825,1857,0,0,0,0,0,1995,1931,1964,0,0,0,1997,1964,0,0,0,0,0,0,0,1827,1891,0,0,0,0,0,0,0,
0,0,0,0,0,0,0,0,0,0,0,0,0,1896,0,0,1967,1931,1931,1931,1996,1961,0,0,1509,0,0,0,0,1795,1923,0,0,0,0,0,1124,0,
0,0,0,0,0,0,0,0,0,0,0,0,1864,1928,1800,0,1961,0,0,1893,0,1961,0,0,0,0,0,0,0,1827,1827,1859,0,0,0,0,0,0,
0,0,1509,0,0,0,0,1894,0,0,0,0,1864,1832,0,0,1961,0,1829,1925,0,1961,0,1124,0,0,0,0,0,0,0,0,0,0,0,1975,1976,0,
0,0,0,0,0,0,1830,1926,0,1123,0,0,0,0,0,0,1961,0,0,1829,0,1961,0,0,0,0,1889,1857,0,0,0,0,0,0,0,2007,2008,0,
0,1889,1857,0,0,0,0,0,1830,0,0,0,1930,1931,1931,1931,1996,0,0,0,0,1995,1931,1932,0,1825,1921,1793,0,0,0,1124,0,0,0,0,0,0,
0,1921,1857,1825,0,0,0,0,0,0,0,0,0,0,1826,1890,1826,0,1123,0,0,1765,0,0,0,1825,1825,0,0,0,0,1837,1837,1837,0,0,0,0,
1,1793,1825,0,0,0,0,0,1765,0,0,0,0,0,1794,1922,1794,0,0,0,0,0,0,0,0,0,0,0,0,0,1837,1837,1837,1837,1837,0,0,0

