[header]
width=38
height=19
tilewidth=32
tileheight=32
orientation=orthogonal

[tilesets]
tileset=rpg_maker_vx_rtp_tileset_by_telles0808.png,32,32,0,0

[interest_points]
Gold 1:907,522:2,8
Iron 1:863,276:1,11
Silver:466,261:4,5,7
Gold 2:307,349:3,7,9,10,11
Iron 2:158,226:3,6,10
Gold 3:98,521:5,8,9
Tunnel:481,112:3,4,10
Under Gold:846,594:1,6,9,11
End Track:406,536:4,6,8,11
Midtrack Hole:316,239:4,5,7,11
Track Intersection:656,351:2,4,8,9,10

[layer]
type=Tile Layer 1
data=
578,578,578,73,578,578,578,578,578,73,73,73,73,73,73,73,578,578,578,73,73,73,73,73,73,73,73,73,73,73,73,73,73,73,73,73,73,73,
578,578,73,73,73,578,578,578,73,73,73,73,73,73,73,73,578,578,73,73,73,73,73,73,73,73,73,73,73,73,73,73,73,73,73,73,73,73,
578,578,417,417,73,73,73,73,418,418,73,73,73,73,418,418,73,73,73,73,418,418,73,73,73,73,418,418,73,73,73,73,73,73,73,73,73,73,
73,73,418,418,73,73,73,73,418,418,73,73,73,73,418,418,73,73,73,73,418,418,73,73,73,73,418,418,73,73,73,73,73,73,73,73,73,73,
73,578,418,418,73,73,73,73,418,418,73,73,73,73,418,418,73,73,73,73,418,418,73,73,73,73,418,418,73,73,73,73,73,73,73,73,73,73,
578,578,418,418,578,578,73,73,418,418,73,73,73,73,418,418,73,73,73,73,418,418,73,73,73,73,418,418,73,73,73,73,73,73,73,73,73,73,
578,578,418,418,578,578,578,73,418,418,73,578,578,73,418,418,73,73,73,73,418,418,73,73,73,73,418,418,73,73,73,73,73,73,73,73,73,73,
578,578,418,418,73,578,578,73,418,418,578,578,578,578,418,418,73,73,73,73,418,418,73,73,73,73,418,418,73,73,73,390,390,390,390,73,73,73,
578,73,418,418,73,578,578,578,418,418,73,578,578,578,418,418,73,73,578,73,418,418,73,73,73,73,418,418,73,73,390,390,390,390,390,390,73,73,
578,73,418,418,578,578,578,578,418,418,73,578,578,578,418,418,73,578,578,73,418,418,73,73,73,73,418,418,73,73,390,390,390,390,390,390,73,73,
578,73,418,418,578,578,578,578,418,418,73,73,578,578,418,418,73,73,578,578,418,418,73,73,73,73,418,418,73,73,390,390,390,390,390,390,73,73,
578,578,418,418,578,578,578,578,418,418,73,578,578,73,418,418,73,73,73,73,418,418,73,73,73,73,418,418,73,73,73,390,390,390,390,73,73,73,
578,578,418,418,578,578,578,578,418,418,73,73,73,73,418,418,73,73,73,578,418,418,73,73,73,73,418,418,73,73,73,73,73,73,73,73,73,73,
73,578,418,418,578,578,578,578,418,418,73,73,73,73,418,418,73,73,73,578,418,418,73,73,73,73,418,418,73,73,73,73,73,73,73,73,73,73,
578,578,418,418,578,578,578,73,418,418,73,73,73,73,418,418,73,73,73,578,418,418,73,73,73,73,418,418,73,73,73,73,73,73,73,73,73,73,
578,578,418,418,73,578,578,73,418,418,73,73,73,73,418,418,73,73,73,578,418,418,73,73,73,73,418,418,73,73,73,73,73,73,73,73,73,73,
578,578,418,418,73,73,73,73,418,418,73,73,73,73,418,418,73,73,73,73,418,418,73,73,73,73,418,418,73,73,73,73,73,73,73,73,73,73,
578,73,73,73,73,73,578,578,73,73,73,73,73,73,73,73,73,73,73,73,73,73,73,73,73,73,73,73,73,73,73,73,73,73,73,73,73,73,
73,73,73,73,73,73,73,578,73,73,73,73,73,73,73,73,73,73,73,73,73,73,73,73,73,73,73,73,73,73,73,73,73,73,73,73,73,73

[layer]
type=Tile Layer 2
data=
0,999,0,0,0,0,1127,1090,0,0,0,0,0,0,0,483,0,1061,0,0,1550,1582,1583,1584,1552,0,0,0,0,0,0,1505,1475,1476,1475,1476,1475,1476,
0,0,0,0,0,1061,0,0,0,0,483,0,483,0,0,0,0,0,0,0,0,0,0,0,1579,1581,0,0,1060,0,0,1537,1507,1508,1507,1508,1507,1508,
0,0,0,0,0,0,0,0,1096,1096,0,0,0,0,1094,1094,0,1,1,0,1093,1093,0,0,1612,1613,580,580,0,0,483,1505,1475,1476,1475,1476,1475,1476,
0,0,0,0,0,0,515,516,1096,1096,0,483,0,0,1094,1094,0,515,516,0,1093,1093,1158,0,0,0,580,580,0,1158,0,1537,1507,1508,1507,1508,1507,1508,
0,0,0,0,0,0,547,548,1096,1096,0,0,0,483,1094,1094,0,547,548,0,1093,1093,0,0,0,0,580,580,0,0,0,0,1537,1538,1537,1538,1537,1538,
0,579,0,0,0,0,0,0,1096,1096,0,0,0,0,1094,1094,0,0,0,0,1093,1093,0,483,1061,0,580,580,0,0,1060,0,0,0,0,0,0,0,
0,579,0,0,0,0,0,0,1096,1096,0,0,0,0,1094,1094,0,1060,0,1089,1093,1093,0,0,0,0,580,580,0,0,0,1188,0,0,0,0,1091,1091,
0,0,0,0,0,1121,0,0,1096,1096,0,1441,1442,0,1094,1094,0,0,0,0,1093,1093,0,1060,0,0,580,580,0,1479,1480,0,0,0,1192,1477,1478,0,
0,0,0,0,0,1153,0,0,1096,1096,0,1473,1474,0,1094,1094,0,0,0,0,1093,1093,483,0,0,1158,580,580,0,0,0,0,1190,0,0,0,1155,0,
0,0,0,0,0,0,0,0,1096,1096,0,0,0,0,1094,1094,0,0,1061,0,1093,1093,0,0,0,0,580,580,0,483,0,1190,0,0,1191,0,0,0,
1127,0,0,0,0,0,0,0,1096,1096,0,0,0,0,1094,1094,0,0,0,0,1093,1093,0,483,0,0,580,580,0,0,0,0,0,0,0,0,1188,0,
0,0,0,0,0,611,612,0,1096,1096,0,0,0,0,1094,1094,0,0,0,0,1093,1093,0,0,0,0,580,580,0,0,0,0,1191,0,1192,0,0,0,
0,0,0,0,0,643,644,0,1096,1096,0,0,0,0,1094,1094,515,516,0,0,1093,1093,0,483,483,0,580,580,0,0,1158,0,1060,0,1030,0,0,0,
0,0,0,0,0,1125,0,0,1096,1096,0,0,0,0,1094,1094,547,548,0,0,1093,1093,0,0,0,0,580,580,0,0,0,0,0,483,1062,0,0,0,
0,1127,0,0,0,1157,0,0,1096,1096,0,0,483,0,1094,1094,0,0,0,0,1093,1093,483,0,0,0,580,580,0,483,1030,483,0,0,0,0,0,0,
0,0,0,0,0,0,0,0,1096,1096,0,0,0,0,1094,1094,0,0,0,0,1093,1093,0,0,0,0,580,580,0,0,1062,0,483,483,0,1030,483,0,
579,0,0,0,0,0,0,0,1096,1096,0,0,0,0,1094,1094,0,0,0,0,1093,1093,0,0,0,0,580,580,0,0,0,0,996,0,0,1062,0,0,
0,515,516,0,0,0,0,1061,0,0,483,0,0,1158,0,0,1060,483,0,0,0,0,0,1158,0,0,0,0,0,0,483,483,1030,0,483,0,0,0,
0,547,548,0,0,0,0,0,0,0,0,0,0,0,0,0,0,0,1029,0,0,0,0,0,0,0,0,1060,0,0,483,483,1062,0,0,0,0,0

