[header]
width=38
height=19
tilewidth=32
tileheight=32
orientation=orthogonal

[tilesets]
tileset=rpg_maker_vx_rtp_tileset_by_telles0808.png,32,32,0,0

[interest_points]
Front Door:1181,366:3,5,6,7,8,9
Pedestal2:1055,132:3,8
Pedestal1:909,212:2,4,6,8,9
Pedestal3:796,70:3,8
Front Desk:327,292:1,6,8,9
Altar:272,530:1,3,5,7,8,9
Dragon Statue:61,385:1,6,8,9
Pedestal4:1043,277:1,2,3,4,5,6,9
Carpet:795,378:1,3,5,6,7,8

[layer]
type=Tile Layer 1
data=
97,97,97,97,97,97,97,97,97,97,97,97,97,97,97,97,97,97,97,97,97,97,97,97,97,97,97,97,97,97,97,97,97,97,97,97,97,97,
139,139,139,139,139,139,139,139,139,139,139,139,139,139,139,139,139,139,139,139,139,139,139,1098,1098,1098,1098,1098,1098,1098,1098,1098,1098,1098,1098,1098,1098,1098,
139,139,139,139,139,139,139,139,139,139,139,139,139,139,139,139,139,139,139,139,139,139,139,1,1098,1098,1098,1098,1098,1098,1098,1098,1098,1098,1098,1098,1098,1098,
139,139,139,139,139,139,139,139,139,139,139,139,139,139,139,139,139,139,139,139,139,139,139,1,1098,1098,1098,1098,1098,1098,1098,1098,1098,1098,1098,1098,1098,1098,
139,139,139,139,139,139,139,139,139,139,139,139,139,139,139,139,139,139,139,139,139,139,139,1,1098,1098,1098,1098,1098,1098,1098,1098,1098,1098,1098,1098,1098,1098,
139,139,139,139,139,139,139,139,139,139,139,139,139,139,139,139,139,139,139,139,139,139,139,1,1098,1098,1098,1098,1098,1098,1098,1098,1098,1098,1098,1098,1098,1098,
139,139,139,139,139,139,139,139,139,139,139,139,139,139,139,139,139,139,139,139,139,139,139,1,1098,1098,1098,1098,1098,1098,1098,1098,1098,1098,1098,1098,1098,1098,
139,139,139,139,139,139,139,139,139,139,139,139,139,139,139,139,139,139,139,139,139,139,139,1,1098,1098,1098,1098,1098,1098,1098,1098,1098,1098,1098,1098,1098,1098,
1098,1098,1098,1098,1098,1098,1098,1098,1098,1098,1098,1098,1098,1098,1098,1098,1098,1098,1098,1098,1098,1098,1098,1098,1098,1098,1098,1098,1098,1098,1098,1098,1098,1098,1098,1098,1098,1098,
1098,1098,1098,1098,1098,1133,1102,1102,1102,1102,1102,1102,1102,1102,1134,1098,1098,1098,1098,1098,1098,1098,1098,1098,1098,1098,1098,1098,1098,1098,1098,1098,1098,1098,1098,1098,1098,1098,
1098,1098,1098,1098,1098,1102,1102,1102,1102,1102,1102,1102,1102,1102,1102,1102,1102,1102,1102,1102,1102,1102,1102,1102,1102,1102,1102,1102,1102,1102,1102,1102,1102,1102,1102,1102,1134,1098,
1098,1098,1098,1098,1098,1102,1102,1102,1102,1102,1102,1102,1102,1102,1102,1102,1102,1102,1102,1102,1102,1102,1102,1102,1102,1102,1102,1102,1102,1102,1102,1102,1102,1102,1102,1102,1102,1098,
1098,1098,1098,1098,1098,1165,1102,1102,1102,1102,1102,1102,1102,1102,1102,1102,1102,1102,1102,1102,1102,1102,1102,1102,1102,1102,1102,1102,1102,1102,1102,1102,1102,1102,1102,1102,1166,1098,
1098,1098,1098,1098,1098,1098,1098,1098,1098,1098,1098,1098,1098,1098,1098,1098,1098,1098,1098,1098,1098,1098,1098,1098,1098,1098,1098,1098,1098,1098,1098,1098,1098,1098,1098,1098,1098,1098,
1098,1098,1098,1098,1098,1098,1098,1098,1098,1098,1098,1098,1098,1098,1098,1098,1098,1098,1098,1098,1098,1098,1098,1098,1098,1098,1098,1098,1098,1098,1098,1098,1098,1098,1098,1098,1098,1098,
1098,1098,1098,1098,1098,1098,1098,1098,1098,1098,1098,1098,1098,1098,1098,1098,1098,1098,1098,1098,1098,1098,1098,1098,1098,1098,1098,1098,1098,1098,1098,1098,1098,1098,1098,1098,1098,1098,
1098,1098,1098,1098,1098,1098,1098,1098,1098,1098,1098,1098,1098,1098,1098,1098,1098,1098,1098,1098,1098,1098,1098,1098,1098,1098,1098,1098,1098,1098,1098,1098,1098,1098,1098,1098,1098,1098,
1098,1098,1098,1098,1098,1098,1098,1098,1098,1098,1098,1098,1098,1098,1098,1098,1098,1098,1098,1098,1098,1098,1098,1098,1098,1098,1098,1098,1098,1098,1098,1098,1098,1098,1098,1098,1098,1098,
1098,1098,1098,1098,1098,1098,1098,1098,1098,1098,1098,1098,1098,1098,1098,1098,1098,1098,1098,1098,1098,1098,1098,1098,1098,1098,1098,1098,1098,1098,1098,1098,1098,1098,1098,1098,1098,1098

[layer]
type=Tile Layer 2
data=
0,0,1786,1,0,1680,1938,1810,0,1170,1233,1299,1361,0,1,1874,0,0,0,0,0,1239,1240,0,0,0,0,0,0,0,0,0,0,0,0,0,0,0,
1501,1440,1,1091,1091,1712,2001,2002,1,1202,1265,1331,1393,1,1389,1390,1391,1388,1,1303,1303,1271,1272,1500,1,1,1,1,1,1,1,1,0,0,0,0,0,0,
1533,1,1,1,1,1,2005,1945,1,1,1,1,1,1,1342,1,1,1,1,1303,1334,1333,1333,1500,1,1,1743,1,1,1,1743,1,1,1,1743,0,0,0,
1,1,1,1,1,1,1,1,1,1,1,1,1,1,1,1,1,1,1,1302,1302,1335,1335,1500,1,1,1,1,1,1,1,1,0,0,0,0,0,0,
1439,1,1,1,1,1,1,1,1,1,1,1,1,1,1,0,0,0,1,1,1,1,1206,1500,0,0,0,0,0,0,0,0,0,0,0,0,0,0,
1471,1,1,1,1,1,1,1,1,1,1,1,1,1,1403,1404,0,0,0,0,0,0,1244,1500,0,0,0,0,0,0,0,0,0,0,0,0,0,0,
1151,1,1,1,1,1,1,1,1,1815,1816,1817,1,1,1435,1436,0,0,0,1241,1242,0,1276,1500,0,0,1743,0,0,0,1743,0,0,0,1743,0,0,0,
1497,1,1,1,1,1,1,1,1,1847,1848,1849,1,1,1,0,0,0,0,1273,1274,0,1308,1500,0,0,0,0,0,0,0,0,0,0,0,0,0,0,
1529,1530,1531,1530,1531,1530,1531,1530,1531,1530,1531,1530,1531,1530,1531,1531,1531,1531,1531,1531,1531,1531,1531,1532,0,0,0,0,0,0,0,0,0,0,0,0,0,0,
0,0,0,0,0,0,0,0,0,0,0,0,0,0,0,0,0,0,0,0,0,0,0,0,0,0,0,0,0,0,0,0,0,0,0,0,0,0,
0,1941,1942,0,0,0,0,0,0,0,0,0,0,0,0,0,0,0,0,0,0,0,0,0,0,0,0,0,0,0,0,0,0,0,0,0,0,1370,
0,1973,1974,0,0,0,0,0,0,0,0,0,0,0,0,0,0,0,0,0,0,0,0,0,0,0,0,0,0,0,0,0,0,0,0,0,0,1402,
0,0,0,0,0,0,0,0,0,0,0,0,0,0,0,0,0,0,0,0,0,0,0,0,0,0,0,0,0,0,0,0,0,0,0,0,0,1434,
0,0,0,0,0,0,0,0,0,0,0,0,0,0,0,0,0,0,0,0,0,0,0,0,0,0,0,0,0,0,0,0,0,0,0,0,0,0,
0,0,0,0,0,0,0,0,0,0,0,0,0,0,0,0,0,0,0,0,0,0,0,0,0,0,0,0,0,0,0,0,0,0,0,0,0,0,
0,0,0,0,0,0,0,0,0,0,0,0,0,0,0,0,0,0,1883,0,0,0,0,0,0,0,0,0,0,0,0,0,0,0,0,0,0,0,
0,0,0,0,0,0,0,1292,1293,1294,0,0,0,0,0,0,0,0,1915,0,0,0,0,0,0,0,0,0,0,0,0,0,0,1881,0,0,0,0,
0,0,0,0,0,0,0,1324,1325,1326,0,0,0,0,0,0,0,0,0,0,0,0,0,0,0,0,0,0,0,0,0,0,0,1913,0,0,0,0,
1,1,1,1,1,1,1,1,1,1,1,1,1,1,1,1,1,1,1,1,1,1,1,1,1,1,1,1,1,1,1,1,1,1,1,1,1,1

